192
692
1192
1692
2192
2692
3192
3692
4192
4692
5192
5692
6192
6692
7192
7692
8192
8692
9192
9692
10192
10692
11192
11692
12192
12692
13192
13692
14192
14692
15192
15692
16192
16692
17192
17692
18192
18692
19192
19692
20192
20692
21192
21692
22192
22692
23192
23692
24192
24692
25192
25692
26192
26692
27192
27692
28192
28692
29192
29692
30192
30692
31192
31692
32192
32692
33192
33692
34192
34692
35192
35692
36192
36692
37192
37692
38192
38692
39192
39692
40192
40692
41192
41692
42192
42692
43192
43692
44192
44692
45192
45692
46192
46692
47192
47692
48192
48692
49192
49692
50192
50692
51192
51692
52192
52692
53192
53692
54192
54692
55192
55692
56192
56692
57192
57692
58192
58692
59192
59692
60192
60692
61192
61692
62192
62692
63192
63692
64192
64692
65192
65692
66192
66692
67192
67692
68192
68692
69192
69692
70192
70692
71192
71692
72192
72692
73192
73692
74192
74692
75192
75692
76192
76692
77192
77692
78192
78692
79192
79692
80192
80692
81192
81692
82192
82692
83192
83692
84192
84692
85192
85692
86192
86692
87192
87692
88192
88692
89192
89692
90192
90692
91192
91692
92192
92692
93192
93692
94192
94692
95192
95692
96192
96692
97192
97692
98192
98692
99192
99692
100192
100692
101192
101692
102192
102692
103192
103692
104192
104692
105192
105692
106192
106692
107192
107692
108192
108692
109192
109692
110192
110692
111192
111692
112192
112692
113192
113692
114192
114692
115192
115692
116192
116692
117192
117692
118192
118692
119192
119692
120192
120692
121192
121692
122192
122692
123192
123692
124192
124692
125192
125692
126192
126692
127192
127692
128192
128692
129192
129692
130192
130692
131192
131692
132192
132692
133192
133692
134192
134692
135192
135692
136192
136692
137192
137692
138192
138692
139192
139692
140192
140692
141192
141692
142192
142692
143192
143692
144192
144692
145192
145692
146192
146692
147192
147692
148192
148692
149192
149692
150192
150692
151192
151692
152192
152692
153192
153692
154192
154692
155192
155692
156192
156692
157192
157692
158192
158692
159192
159692
160192
160692
161192
161692
162192
162692
163192
163692
164192
164692
165192
165692
166192
166692
167192
167692
168192
168692
169192
169692
170192
170692
171192
171692
172192
172692
173192
173692
174192
174692
175192
175692
176192
176692
177192
177692
178192
178692
179192
179692
180192
180692
181192
181692
182192
182692
183192
183692
184192
184692
185192
185692
186192
186692
187192
187692
188192
188692
189192
189692
190192
190692
191192
191692
192192
192692
193192
193692
194192
194692
195192
195692
196192
196692
197192
197692
198192
198692
199192
199692
200192
200692
201192
201692
202192
202692
203192
203692
204192
204692
205192
205692
206192
206692
207192
207692
208192
208692
209192
209692
210192
210692
211192
211692
212192
212692
213192
213692
214192
214692
215192
215692
216192
216692
217192
217692
218192
218692
219192
219692
220192
220692
221192
221692
222192
222692
223192
223692
224192
224692
225192
225692
226192
226692
227192
227692
228192
228692
229192
229692
230192
230692
231192
231692
232192
232692
233192
233692
234192
234692
235192
235692
236192
236692
237192
237692
238192
238692
239192
239692
240192
240692
241192
241692
242192
242692
243192
243692
244192
244692
245192
245692
246192
246692
247192
247692
248192
248692
249192
249692
250192
250692
251192
251692
252192
252692
253192
253692
254192
254692
255192
255692
256192
256692
257192
257692
258192
258692
259192
259692
260192
260692
261192
261692
262192
262692
263192
263692
264192
264692
265192
265692
266192
266692
267192
267692
268192
268692
269192
269692
270192
270692
271192
271692
272192
272692
273192
273692
274192
274692
275192
275692
276192
276692
277192
277692
278192
278692
279192
279692
280192
280692
281192
281692
282192
282692
283192
283692
284192
284692
285192
285692
286192
286692
287192
287692
288192
288692
289192
289692
290192
290692
291192
291692
292192
292692
293192
293692
294192
294692
295192
295692
296192
296692
297192
297692
298192
298692
299192
299692
300192
300692
301192
301692
302192
302692
303192
303692
304192
304692
305192
305692
306192
306692
307192
307692
308192
308692
309192
309692
310192
310692
311192
311692
312192
312692
313192
313692
314192
314692
315192
315692
316192
316692
317192
317692
318192
318692
319192
319692
320192
320692
321192
321692
322192
322692
323192
323692
324192
324692
325192
325692
326192
326692
327192
327692
328192
328692
329192
329692
330192
330692
331192
331692
332192
332692
333192
333692
334192
334692
335192
335692
336192
336692
337192
337692
338192
338692
339192
339692
340192
340692
341192
341692
342192
342692
343192
343692
344192
344692
345192
345692
346192
346692
347192
347692
348192
348692
349192
349692
350192
350692
351192
351692
352192
352692
353192
353692
354192
354692
355192
355692
356192
356692
357192
357692
358192
358692
359192
359692
360192
360692
361192
361692
362192
362692
363192
363692
364192
364692
365192
365692
366192
366692
367192
367692
368192
368692
369192
369692
370192
370692
371192
371692
372192
372692
373192
373692
374192
374692
375192
375692
376192
376692
377192
377692
378192
378692
379192
379692
380192
380692
381192
381692
382192
382692
383192
383692
384192
384692
385192
385692
386192
386692
387192
387692
388192
388692
389192
389692
390192
390692
391192
391692
392192
392692
393192
393692
394192
394692
395192
395692
396192
396692
397192
397692
398192
398692
399192
399692
400192
400692
401192
401692
402192
402692
403192
403692
404192
404692
405192
405692
406192
406692
407192
407692
408192
408692
409192
409692
410192
410692
411192
411692
412192
412692
413192
413692
414192
414692
415192
415692
416192
416692
417192
417692
418192
418692
419192
419692
420192
420692
421192
421692
422192
422692
423192
423692
424192
424692
425192
425692
426192
426692
427192
427692
428192
428692
429192
429692
430192
430692
431192
431692
432192
432692
433192
433692
434192
434692
435192
435692
436192
436692
437192
437692
438192
438692
439192
439692
440192
440692
441192
441692
442192
442692
443192
443692
444192
444692
445192
445692
446192
446692
447192
447692
448192
448692
449192
449692
450192
450692
451192
451692
452192
452692
453192
453692
454192
454692
455192
455692
456192
456692
457192
457692
458192
458692
459192
459692
460192
460692
461192
461692
462192
462692
463192
463692
464192
464692
465192
465692
466192
466692
467192
467692
468192
468692
469192
469692
470192
470692
471192
471692
472192
472692
473192
473692
474192
474692
475192
475692
476192
476692
477192
477692
478192
478692
479192
479692
480192
480692
481192
481692
482192
482692
483192
483692
484192
484692
485192
485692
486192
486692
487192
487692
488192
488692
489192
489692
490192
490692
491192
491692
492192
492692
493192
493692
494192
494692
495192
495692
496192
496692
497192
497692
498192
498692
499192
499692
500192
500692
501192
501692
502192
502692
503192
503692
504192
504692
505192
505692
506192
506692
507192
507692
508192
508692
509192
509692
510192
510692
511192
511692
512192
512692
513192
513692
514192
514692
515192
515692
516192
516692
517192
517692
518192
518692
519192
519692
520192
520692
521192
521692
522192
522692
523192
523692
524192
524692
525192
525692
526192
526692
527192
527692
528192
528692
529192
529692
530192
530692
531192
531692
532192
532692
533192
533692
534192
534692
535192
535692
536192
536692
537192
537692
538192
538692
539192
539692
540192
540692
541192
541692
542192
542692
543192
543692
544192
544692
545192
545692
546192
546692
547192
547692
548192
548692
549192
549692
550192
550692
551192
551692
552192
552692
553192
553692
554192
554692
555192
555692
556192
556692
557192
557692
558192
558692
559192
559692
560192
560692
561192
561692
562192
562692
563192
563692
564192
564692
565192
565692
566192
566692
567192
567692
568192
568692
569192
569692
570192
570692
571192
571692
572192
572692
573192
573692
574192
574692
575192
575692
576192
576692
577192
577692
578192
578692
579192
579692
580192
580692
581192
581692
582192
582692
583192
583692
584192
584692
585192
585692
586192
586692
587192
587692
588192
588692
589192
589692
590192
590692
591192
591692
592192
592692
593192
593692
594192
594692
595192
595692
596192
596692
597192
597692
598192
598692
599192
599692
600192
600692
601192
601692
602192
602692
603192
603692
604192
604692
605192
605692
606192
606692
607192
607692
608192
608692
609192
609692
610192
610692
611192
611692
612192
612692
613192
613692
614192
614692
615192
615692
616192
616692
617192
617692
618192
618692
619192
619692
620192
620692
621192
621692
622192
622692
623192
623692
624192
624692
625192
625692
626192
626692
627192
627692
628192
628692
629192
629692
630192
630692
631192
631692
632192
632692
633192
633692
634192
634692
635192
635692
636192
636692
637192
637692
638192
638692
639192
639692
640192
640692
641192
641692
642192
642692
643192
643692
644192
644692
645192
645692
646192
646692
647192
647692
648192
648692
649192
649692
650192
650692
651192
651692
652192
652692
653192
653692
654192
654692
655192
655692
656192
656692
657192
657692
658192
658692
659192
659692
660192
660692
661192
661692
662192
662692
663192
663692
664192
664692
665192
665692
666192
666692
667192
667692
668192
668692
669192
669692
670192
670692
671192
671692
672192
672692
673192
673692
674192
674692
675192
675692
676192
676692
677192
677692
678192
678692
679192
679692
680192
680692
681192
681692
682192
682692
683192
683692
684192
684692
685192
685692
686192
686692
687192
687692
688192
688692
689192
689692
690192
690692
691192
691692
692192
692692
693192
693692
694192
694692
695192
695692
696192
696692
697192
697692
698192
698692
699192
699692
700192
700692
701192
701692
702192
702692
703192
703692
704192
704692
705192
705692
706192
706692
707192
707692
708192
708692
709192
709692
710192
710692
711192
711692
712192
712692
713192
713692
714192
714692
715192
715692
716192
716692
717192
717692
718192
718692
719192
719692
720192
720692
721192
721692
722192
722692
723192
723692
724192
724692
725192
725692
726192
726692
727192
727692
728192
728692
729192
729692
730192
730692
731192
731692
732192
732692
733192
733692
734192
734692
735192
735692
736192
736692
737192
737692
738192
738692
739192
739692
740192
740692
741192
741692
742192
742692
743192
743692
744192
744692
745192
745692
746192
746692
747192
747692
748192
748692
749192
749692
750192
750692
751192
751692
752192
752692
753192
753692
754192
754692
755192
755692
756192
756692
757192
757692
758192
758692
759192
759692
760192
760692
761192
761692
762192
762692
763192
763692
764192
764692
765192
765692
766192
766692
767192
767692
768192
768692
769192
769692
770192
770692
771192
771692
772192
772692
773192
773692
774192
774692
775192
775692
776192
776692
777192
777692
778192
778692
779192
779692
780192
780692
781192
781692
782192
782692
783192
783692
784192
784692
785192
785692
786192
786692
787192
787692
788192
788692
789192
789692
790192
790692
791192
791692
792192
792692
793192
793692
794192
794692
795192
795692
796192
796692
797192
797692
798192
798692
799192
799692
800192
800692
801192
801692
802192
802692
803192
803692
804192
804692
805192
805692
806192
806692
807192
807692
808192
808692
809192
809692
810192
810692
811192
811692
812192
812692
813192
813692
814192
814692
815192
815692
816192
816692
817192
817692
818192
818692
819192
819692
820192
820692
821192
821692
822192
822692
823192
823692
824192
824692
825192
825692
826192
826692
827192
827692
828192
828692
829192
829692
830192
830692
831192
831692
832192
832692
833192
833692
834192
834692
835192
835692
836192
836692
837192
837692
838192
838692
839192
839692
840192
840692
841192
841692
842192
842692
843192
843692
844192
844692
845192
845692
846192
846692
847192
847692
848192
848692
849192
849692
850192
850692
851192
851692
852192
852692
853192
853692
854192
854692
855192
855692
856192
856692
857192
857692
858192
858692
859192
859692
860192
860692
861192
861692
862192
862692
863192
863692
864192
864692
865192
865692
866192
866692
867192
867692
868192
868692
869192
869692
870192
870692
871192
871692
872192
872692
873192
873692
874192
874692
875192
875692
876192
876692
877192
877692
878192
878692
879192
879692
880192
880692
881192
881692
882192
882692
883192
883692
884192
884692
885192
885692
886192
886692
887192
887692
888192
888692
889192
889692
890192
890692
891192
891692
892192
892692
893192
893692
894192
894692
895192
895692
896192
896692
897192
897692
898192
898692
899192
899692
900192
900692
901192
901692
902192
902692
903192
903692
904192
904692
905192
905692
906192
906692
907192
907692
908192
908692
909192
909692
910192
910692
911192
911692
912192
912692
913192
913692
914192
914692
915192
915692
916192
916692
917192
917692
918192
918692
919192
919692
920192
920692
921192
921692
922192
922692
923192
923692
924192
924692
925192
925692
926192
926692
927192
927692
928192
928692
929192
929692
930192
930692
931192
931692
932192
932692
933192
933692
934192
934692
935192
935692
936192
936692
937192
937692
938192
938692
939192
939692
940192
940692
941192
941692
942192
942692
943192
943692
944192
944692
945192
945692
946192
946692
947192
947692
948192
948692
949192
949692
950192
950692
951192
951692
952192
952692
953192
953692
954192
954692
955192
955692
956192
956692
957192
957692
958192
958692
959192
959692
960192
960692
961192
961692
962192
962692
963192
963692
964192
964692
965192
965692
966192
966692
967192
967692
968192
968692
969192
969692
970192
970692
971192
971692
972192
972692
973192
973692
974192
974692
975192
975692
976192
976692
977192
977692
978192
978692
979192
979692
980192
980692
981192
981692
982192
982692
983192
983692
984192
984692
985192
985692
986192
986692
987192
987692
988192
988692
989192
989692
990192
990692
991192
991692
992192
992692
993192
993692
994192
994692
995192
995692
996192
996692
997192
997692
998192
998692
999192
999692
